MEMORY
  total            15.1 MB
  struct          159.0 KB
  buffer          988.2 KB
  arena            14.0 MB, used 0.2%

SIZES
  narena                14680064
  nbuffer               1011920
  nplugin               0
  maxuse_stack          3944
  maxuse_arena          29880
  maxuse_con            1
  maxuse_efc            17
  solver_nisland        1
  ncon                  1
  ne                    7
  nf                    0
  nl                    6
  nefc                  17
  nJ                    306
  nA                    0
  nisland               0
  threadpool            0

TIMER
    0:  duration =  0.33       number = 1
    1:  duration =  0.73       number = 3
    2:  duration =  0          number = 0
    3:  duration =  0.81       number = 4
    4:  duration =  0.047      number = 4
    5:  duration =  0.0058     number = 2
    6:  duration =  0.12       number = 4
    7:  duration =  0.013      number = 1
    8:  duration =  0.095      number = 4
    9:  duration =  0.027      number = 4
    10:  duration =  0.62       number = 4
    11:  duration =  0.068      number = 4
    12:  duration =  0.0012     number = 4
    13:  duration =  0.11       number = 4
    14:  duration =  0.12       number = 4

SOLVER STAT
  solver_nisland = 1
  solver_fwdinv =   0         0       
  ISLAND 0
    solver_niter = 1
    solver_nnz = 324
      0:  improvement =  31          gradient =  1.4e-17     lineslope =  0       
          nactive = 7   nchange = 0   neval = 2   nupdate = 0

ENERGY =   0         0       

TIME =  0.002   

QPOS
   0.00013 
   1.2e-05 
   1.6     
   0.00027 
   1.6     
   0.00013 
  -0.0011  
  -0.00079 
  -0.00083 
  -0.00091 
  -0.00068 
  -0.00084 
   0.47    
   0.25    
  -3.9e-05 
   0.71    
   0       
   0       
   0.71    

QVEL
   0.066   
   0.0058  
   0.14    
   0.13    
   0.0017  
   0.066   
  -0.54    
  -0.39    
  -0.41    
  -0.45    
  -0.34    
  -0.42    
   0       
   0       
  -0.02    
   0       
   0       
   0       

QACC_WARMSTART
   33      
   2.9     
   71      
   66      
   1       
   33      
  -2.7e+02 
  -2.6e+02 
  -2.7e+02 
  -2.3e+02 
  -2.3e+02 
  -2.6e+02 
   0       
   0       
  -9.8     
   0       
   0       
   0       

CTRL
   0       

QFRC_APPLIED
   46      
  -49      
   39      
  -4.1     
   4.4     
  -0.008   
   0       
   0       
   0       
   0       
   0       
   0       
   0       
   0       
   0       
   0       
   0       
   0       

XFRC_APPLIED
   0         0         0         0         0         0       
   0         0         0         0         0         0       
   0         0         0         0         0         0       
   0         0         0         0         0         0       
   0         0         0         0         0         0       
   0         0         0         0         0         0       
   0         0         0         0         0         0       
   0         0         0         0         0         0       
   0         0         0         0         0         0       
   0         0         0         0         0         0       
   0         0         0         0         0         0       
   0         0         0         0         0         0       
   0         0         0         0         0         0       
   0         0         0         0         0         0       
   0         0         0         0         0         0       
   0         0         0         0         0         0       
   0         0         0         0         0         0       
   0         0         0         0         0         0       
   0         0         0         0         0         0       
   0         0         0         0         0         0       
   0         0         0         0         0         0       
   0         0         0         0         0         0       
   0         0         0         0         0         0       

EQ_ACTIVE             1 1 1

MOCAP_POS
   0.5       0         0.04    

MOCAP_QUAT
   1         0         0         0       

QACC
   33      
   2.9     
   71      
   66      
   1       
   33      
  -2.7e+02 
  -2.6e+02 
  -2.7e+02 
  -2.3e+02 
  -2.3e+02 
  -2.6e+02 
   0       
   0       
  -9.8     
   0       
   0       
   0       

SENSOR
  -0.63    
  -0.094   
   0.37    
   0.55    
   0.095   
  -0.55    

XPOS
   0         0         0       
   0.5       0         0.04    
   0         0         0       
   0         0         0       
   0         0         0.043   
   8.1e-06  -0.062     0.12    
   3.4e-06  -0.062     0.53    
   0.38     -0.079     0.53    
   0.44     -0.12      0.53    
   0.48     -0.12      0.47    
   0.48     -0.12      0.44    
   0.48     -0.12      0.44    
   0.48     -0.12      0.44    
   0.5      -0.14      0.33    
   0.49     -0.16      0.34    
   0.49     -0.2       0.3     
   0.45     -0.11      0.33    
   0.47     -0.085     0.34    
   0.47     -0.046     0.3     
   0         0.3       0.25    
   0         0.3       0.25    
   0.47      0.25     -3.9e-05 
   0.47      0.25     -3.9e-05 

XQUAT
   1         0         0         0       
   1         0         0         0       
   1         0         0         0       
   1         0         0         0       
   1         0         0         6.6e-05 
   1         3.8e-10  -5.8e-06   6.6e-05 
   0.71     -4.6e-05   0.71      4.6e-05 
   0.71     -4.6e-05   0.71      4.6e-05 
   0.5       0.5       0.5       0.5     
   0.5       0.5       0.5       0.5     
   6.5e-05   0.71      0.71     -6.5e-07 
   6.5e-07   0.71     -0.71      6.5e-05 
   6.5e-07   0.71     -0.71      6.5e-05 
   0.27      0.65     -0.65      0.27    
  -0.27      0.65     -0.65     -0.27    
  -1.4e-05   0.71     -0.71      5.1e-05 
  -0.27      0.65      0.65      0.27    
  -0.27     -0.65     -0.65      0.27    
  -0.00012  -0.71     -0.71      5.6e-05 
   0.44      0.55      0.55      0.44    
   0.44      0.55      0.55      0.44    
   0.71      0         0         0.71    
   0.71      0         0         0.71    

XMAT
   1         0         0         0         1         0         0         0         1       
   1         0         0         0         1         0         0         0         1       
   1         0         0         0         1         0         0         0         1       
   1         0         0         0         1         0         0         0         1       
   1        -0.00013   0         0.00013   1         0         0         0         1       
   1        -0.00013  -1.2e-05   0.00013   1        -1.5e-09   1.2e-05  -1e-25     1       
  -0.00018  -0.00013   1        -2.3e-08   1         0.00013  -1         0        -0.00018 
   9.1e-05  -0.00013   1         1.2e-08   1         0.00013  -1         1.4e-20   9.1e-05 
  -0.00013  -9.1e-05   1         1         9.3e-05   0.00013  -9.3e-05   1         9.1e-05 
   7e-07    -9.1e-05   1         1         9.3e-05  -6.9e-07  -9.3e-05   1         9.1e-05 
   7e-07     1         9.1e-05   1        -6.9e-07  -9.3e-05  -9.3e-05   9.1e-05  -1       
  -7e-07    -1         9.1e-05  -1         6.9e-07  -9.3e-05   9.3e-05  -9.1e-05  -1       
  -7e-07    -1         9.1e-05  -1         6.9e-07  -9.3e-05   9.3e-05  -9.1e-05  -1       
  -6.5e-05  -1         6.3e-05  -0.7       6.9e-07  -0.71      0.71     -9.1e-05  -0.7     
   6.3e-05  -1         6.5e-05  -0.71      6.9e-07   0.7      -0.7      -9.1e-05  -0.71    
  -7e-07    -1         9.1e-05  -1         6.9e-07  -5.2e-05   5.2e-05  -9.1e-05  -1       
  -6.4e-05   1         6.4e-05   0.7      -6.9e-07   0.71      0.71      9.1e-05  -0.7     
   6.4e-05   1         6.4e-05   0.71     -6.9e-07  -0.7      -0.7       9.1e-05  -0.71    
   7.2e-07   1         9.1e-05   1        -6.9e-07  -0.00025  -0.00025   9.1e-05  -1       
   0         0.21      0.98      1         0         0         0         0.98     -0.21    
   0         0.21      0.98      1         0         0         0         0.98     -0.21    
   0        -1         0         1         0         0         0         0         1       
   0        -1         0         1         0         0         0         0         1       

XIPOS
   0         0         0       
   0.52      0.017     0.057   
   0         0         0       
   5.3e-09   0.0016    0.017   
   2.9e-07  -0.0054    0.11    
   1.5e-05  -0.13      0.33    
   0.19     -0.024     0.53    
   0.39     -0.12      0.53    
   0.47     -0.12      0.52    
   0.48     -0.12      0.45    
   0.45     -0.12      0.44    
   0.48     -0.12      0.44    
   0.48     -0.12      0.38    
   0.48     -0.16      0.31    
   0.48     -0.18      0.32    
   0.48     -0.18      0.28    
   0.48     -0.087     0.31    
   0.48     -0.065     0.32    
   0.48     -0.063     0.28    
   0.31      0.3       0.49    
  -0.013     0.3       0.25    
   0.22      0.72     -3.9e-05 
   0.47      0.25     -2       

XIMAT
   1         0         0         0         1         0         0         0         1       
   0.58     -0.41     -0.71      0.58      0.82      0         0.58     -0.41      0.71    
   1         0         0         0         1         0         0         0         1       
   2.8e-17  -1         0        -0.018     0        -1         1         0        -0.018   
   1        -0.00013   2e-05     0.00013   0.99     -0.15      1.7e-21   0.15      0.99    
   1        -0.00013  -1.5e-05   0.00013   1        -1.9e-09   1.5e-05   0         1       
  -0.00018  -0.0094    1        -2.3e-08   1         0.0094   -1         1.6e-06  -0.00018 
   9.1e-05   0.18      0.98      1.2e-08   0.98     -0.18     -1         1.6e-05   9e-05   
  -0.00013   0.98      0.18      1         0.00015  -6.8e-05  -9.3e-05   0.18     -0.98    
  -0.015    -7e-07     1         9.3e-05  -1         6.7e-07   1         9.3e-05   0.015   
   7e-07     9.1e-05  -1         1        -9.3e-05   6.9e-07  -9.3e-05  -1        -9.1e-05 
   7e-07     1         9.1e-05   1        -6.9e-07  -9.3e-05  -9.3e-05   9.1e-05  -1       
  -1         0.034    -0.0012    0.034     1        -0.017     0.00059  -0.017    -1       
  -6.5e-05  -1         0.00011  -0.71     -3.3e-05  -0.71      0.71     -0.00013  -0.71    
   6.5e-05   1        -2.1e-06   0.7      -4.7e-05  -0.71     -0.71      4.5e-05  -0.7     
  -1        -4e-05     8.2e-05   6.9e-07   0.9       0.44     -9.1e-05   0.44     -0.9     
  -6.4e-05   1         1.7e-05   0.71      3.3e-05   0.71      0.71      5.7e-05  -0.71    
   6.4e-05  -1         0.00013  -0.7       4.7e-05   0.71     -0.71     -0.00014  -0.7     
   1        -4.1e-05   8.1e-05  -6.9e-07  -0.9      -0.44      9.1e-05   0.44     -0.9     
   0.21      0.96     -0.2       0         0.21      0.98      0.98     -0.2       0.043   
   0.99     -0.13     -0.0053    0.0051   -0.0019    1        -0.13     -0.99     -0.0012  
  -1         0         0         0        -1         0         0         0         1       
   0        -1         0         1         0         0         0         0         1       

XANCHOR
   0         0         0.043   
   8.1e-06  -0.062     0.12    
   3.4e-06  -0.062     0.53    
   0.38     -0.079     0.53    
   0.44     -0.12      0.53    
   0.48     -0.12      0.47    
   0.5      -0.14      0.33    
   0.49     -0.16      0.34    
   0.49     -0.2       0.3     
   0.45     -0.11      0.33    
   0.47     -0.085     0.34    
   0.47     -0.046     0.3     
   0.47      0.25     -3.9e-05 

XAXIS
   0         0         1       
   0.00013  -1         0       
  -0.00013   1        -1e-25   
   0.00013  -1         0       
   1         0.00013   9.1e-05 
   9.1e-05  -9.3e-05  -1       
   1        -6.9e-07   9.1e-05 
   1        -6.9e-07   9.1e-05 
  -1         6.9e-07  -9.1e-05 
  -1         6.9e-07  -9.1e-05 
  -1         6.9e-07  -9.1e-05 
   1        -6.9e-07   9.1e-05 
   0         0         1       

GEOM_XPOS
   0         0         0       
   0.55      0         0.04    
   0.5       0.05      0.04    
   0.5       0         0.09    
   1e-07     0.049     0.026   
   4.9e-06   0.00089   0.02    
   4.4e-06   0.006     0.02    
  -1.5e-06   0.0058    0.18    
   4.6e-07  -0.0085    0.11    
  -2.1e-07  -0.0035    0.13    
   2.2e-05  -0.19      0.33    
   1.5e-05  -0.13      0.33    
   2e-05    -0.15      0.14    
   1.6e-05  -0.14      0.33    
   1.5e-05  -0.15      0.51    
   0.35      0.01      0.53    
   0.2      -0.028     0.53    
   0.011    -0.034     0.53    
   0.2      -0.019     0.53    
   0.37     -0.012     0.53    
   0.34     -0.12      0.53    
   0.39     -0.11      0.53    
   0.37     -0.12      0.53    
   0.48     -0.12      0.56    
   0.47     -0.12      0.52    
   0.48     -0.12      0.54    
   0.48     -0.12      0.45    
   0.52     -0.12      0.46    
   0.48     -0.12      0.46    
   0.51     -0.12      0.46    
   0.48     -0.12      0.46    
   0.48     -0.12      0.43    
   0.48     -0.12      0.43    
   0.48     -0.12      0.38    
   0.48     -0.12      0.38    
   0.48     -0.16      0.31    
   0.48     -0.16      0.31    
   0.48     -0.18      0.32    
   0.48     -0.18      0.32    
   0.48     -0.18      0.29    
   0.48     -0.18      0.29    
   0.48     -0.17      0.28    
   0.48     -0.17      0.28    
   0.48     -0.17      0.26    
   0.48     -0.17      0.26    
   0.49     -0.17      0.28    
   0.47     -0.17      0.28    
   0.49     -0.17      0.27    
   0.47     -0.17      0.27    
   0.49     -0.17      0.25    
   0.47     -0.17      0.25    
   0.48     -0.087     0.31    
   0.48     -0.087     0.31    
   0.48     -0.065     0.32    
   0.48     -0.065     0.32    
   0.48     -0.058     0.29    
   0.48     -0.058     0.29    
   0.48     -0.069     0.28    
   0.48     -0.069     0.28    
   0.48     -0.069     0.26    
   0.48     -0.069     0.26    
   0.47     -0.074     0.28    
   0.49     -0.074     0.28    
   0.47     -0.074     0.27    
   0.49     -0.074     0.27    
   0.47     -0.074     0.25    
   0.49     -0.074     0.25    
  -0.0013    0.29      0.25    
  -0.0039    0.29      0.25    
  -0.0028    0.29      0.25    
  -0.0011    0.29      0.25    
  -0.0069    0.29      0.25    
  -0.0016    0.3       0.25    
  -0.0051    0.33      0.25    
  -0.0036    0.33      0.25    
  -0.013     0.3       0.25    
  -0.015     0.3       0.25    
   0.42      0.29      0.053   
   0.42      0.29      0.053   

GEOM_XMAT
   1         0         0         0         1         0         0         0         1       
   2.2e-16  -0        -1         0         1        -0         1         0         2.2e-16 
   1         0         0         0         2.2e-16  -1         0         1         2.2e-16 
   1         0         0         0        -1        -1.2e-16   0         1.2e-16  -1       
   0.00032  -1         0.0003    0.1      -0.00027  -0.99      0.99      0.00035   0.1     
   2.7e-05  -1        -0.006    -0.013     0.006    -1         1         0.0001   -0.013   
   2.7e-05  -1        -8.5e-05  -0.013     8.4e-05  -1         1         2.8e-05  -0.013   
   0.00043  -1         0.00049   0.72     -2.3e-05  -0.69      0.69      0.00065   0.72    
  -0.0022   -1         3.8e-05   0.82     -0.0019   -0.57      0.57     -0.0012    0.82    
   1        -0.00012  -1.4e-05   0.00012   1         0.046     7.9e-06  -0.046     1       
   1        -0.00044   2.7e-05   0.00044   1        -2.4e-05  -2.7e-05   2.4e-05   1       
   1        -0.00013   1.5e-05   0.00013   1         2e-09    -1.5e-05  -2.1e-25   1       
   1         3.3e-05   0.00012   0.00012  -0.37     -0.93      1.4e-05   0.93     -0.37    
   1        -0.00013  -1.2e-05   0.00013   1        -1.5e-09   1.2e-05  -1e-25     1       
   1        -6.4e-05   0.00012   0.00014   0.37     -0.93      1.4e-05   0.93      0.37    
  -0.00016  -0.14      0.99      4.6e-06   0.99      0.14     -1         2.6e-05  -0.00015 
  -0.00021  -0.022     1         0.00043   1         0.022    -1         0.00043  -0.0002  
  -0.34      0.00014   0.94      0.94      0.00016   0.34     -0.0001    1        -0.00019 
  -0.00018  -0.00013   1        -2.3e-08   1         0.00013  -1         0        -0.00018 
  -0.0002    1        -0.022    -2.6e-05  -0.022    -1        -1        -0.0002    3.1e-05 
   0.049    -0.00025   1         1        -0.0035   -0.049     0.0035    1         7.9e-05 
  -0.00012   0.42      0.91     -0.00037   0.91     -0.42     -1        -0.00038   4.5e-05 
   6.5e-05  -0.023     1        -2.4e-05   1         0.023    -1        -2.6e-05   6.4e-05 
   1        -0.0034    0.049    -0.0034   -1        -9.9e-05   0.049    -7.1e-05  -1       
  -0.0005    0.91      0.42      1         0.00058  -6.6e-05  -0.00031   0.42     -0.91    
  -0.00016   1        -0.022     1         0.00015  -0.00012  -0.00012  -0.022    -1       
  -9.2e-05   1         0.00018  -0.0029   -0.00018   1         1         9.2e-05   0.0029  
   1         0.00042   0.00051   0.00042  -1        -9.3e-05   0.00051   9.3e-05  -1       
  -0.0023    5.4e-05   1         9.3e-05  -1         5.4e-05   1         9.3e-05   0.0023  
   0.0003   -9.1e-05   1         1         9.3e-05  -0.0003   -9.3e-05   1         9.1e-05 
  -0.015     9.2e-05   1        -2.6e-05  -1         9.2e-05   1        -2.5e-05   0.015   
   0.0017    1        -7e-07    -9.3e-05  -5.4e-07  -1        -1         0.0017    9.3e-05 
   0.0017    1        -7e-07    -9.3e-05  -5.4e-07  -1        -1         0.0017    9.3e-05 
  -1         0.041    -0.004     0.042     1        -0.03      0.0027   -0.03     -1       
  -1         0.041    -0.004     0.042     1        -0.03      0.0027   -0.03     -1       
  -6.5e-05  -1         0.00011  -0.71     -3.3e-05  -0.71      0.71     -0.00013  -0.71    
  -6.5e-05  -1         0.00011  -0.71     -3.3e-05  -0.71      0.71     -0.00013  -0.71    
   6.5e-05   1        -2.1e-06   0.7      -4.7e-05  -0.71     -0.71      4.5e-05  -0.7     
   6.5e-05   1        -2.1e-06   0.7      -4.7e-05  -0.71     -0.71      4.5e-05  -0.7     
   0.00014   1        -4.5e-05  -0.58      4.2e-05  -0.82     -0.82      0.00014   0.58    
   0.00014   1        -4.5e-05  -0.58      4.2e-05  -0.82     -0.82      0.00014   0.58    
  -2.7e-05   8.7e-05   1        -0.96     -0.29     -6.9e-07   0.29     -0.96      9.1e-05 
  -2.7e-05   8.7e-05   1        -0.96     -0.29     -6.9e-07   0.29     -0.96      9.1e-05 
   2.4e-05   8.8e-05   1        -0.96      0.27     -6.9e-07  -0.27     -0.96      9.1e-05 
   2.4e-05   8.8e-05   1        -0.96      0.27     -6.9e-07  -0.27     -0.96      9.1e-05 
  -7e-07    -1         9.1e-05  -1         6.9e-07  -5.2e-05   5.2e-05  -9.1e-05  -1       
  -7e-07    -1         9.1e-05  -1         6.9e-07  -5.2e-05   5.2e-05  -9.1e-05  -1       
  -7e-07    -1         9.1e-05  -1         6.9e-07  -5.2e-05   5.2e-05  -9.1e-05  -1       
  -7e-07    -1         9.1e-05  -1         6.9e-07  -5.2e-05   5.2e-05  -9.1e-05  -1       
  -7e-07    -1         9.1e-05  -1         6.9e-07  -5.2e-05   5.2e-05  -9.1e-05  -1       
  -7e-07    -1         9.1e-05  -1         6.9e-07  -5.2e-05   5.2e-05  -9.1e-05  -1       
  -6.4e-05   1         1.7e-05   0.71      3.3e-05   0.71      0.71      5.7e-05  -0.71    
  -6.4e-05   1         1.7e-05   0.71      3.3e-05   0.71      0.71      5.7e-05  -0.71    
   6.4e-05  -1         0.00013  -0.7       4.7e-05   0.71     -0.71     -0.00014  -0.7     
   6.4e-05  -1         0.00013  -0.7       4.7e-05   0.71     -0.71     -0.00014  -0.7     
   1.2e-05  -1        -6e-05     0.58     -4.2e-05   0.82     -0.82     -4.4e-05   0.58    
   1.2e-05  -1        -6e-05     0.58     -4.2e-05   0.82     -0.82     -4.4e-05   0.58    
  -2.5e-05   8.7e-05  -1         0.96      0.29      6.9e-07   0.29     -0.96     -9.1e-05 
  -2.5e-05   8.7e-05  -1         0.96      0.29      6.9e-07   0.29     -0.96     -9.1e-05 
   2.5e-05   8.7e-05  -1         0.96     -0.27      6.9e-07  -0.27     -0.96     -9.1e-05 
   2.5e-05   8.7e-05  -1         0.96     -0.27      6.9e-07  -0.27     -0.96     -9.1e-05 
   7.2e-07   1         9.1e-05   1        -6.9e-07  -0.00025  -0.00025   9.1e-05  -1       
   7.2e-07   1         9.1e-05   1        -6.9e-07  -0.00025  -0.00025   9.1e-05  -1       
   7.2e-07   1         9.1e-05   1        -6.9e-07  -0.00025  -0.00025   9.1e-05  -1       
   7.2e-07   1         9.1e-05   1        -6.9e-07  -0.00025  -0.00025   9.1e-05  -1       
   7.2e-07   1         9.1e-05   1        -6.9e-07  -0.00025  -0.00025   9.1e-05  -1       
   7.2e-07   1         9.1e-05   1        -6.9e-07  -0.00025  -0.00025   9.1e-05  -1       
   0.98     -0.21      0         0         0         1        -0.21     -0.98      0       
   0.98      5.5e-17  -0.21      5.5e-17  -1        -5.8e-18  -0.21     -5.8e-18  -0.98    
   1         0.0095   -0.0021    0.002     0.011     1         0.0095   -1         0.011   
   0.98     -0.21      0         0         0         1        -0.21     -0.98      0       
   0.98     -0.21      0.027    -0.025     0.011     1        -0.21     -0.98      0.0058  
   0.98     -0.21      0.0017   -0.0015    0.0011    1        -0.21     -0.98      0.00076 
   0.98     -0.21     -0.0024    8.3e-17  -0.011     1        -0.21     -0.98     -0.011   
   0         0.21      0.98      1         0         0         0         0.98     -0.21    
   0.99     -0.13     -0.0053    0.0051   -0.0019    1        -0.13     -0.99     -0.0012  
   0.99     -0.13     -0.0053    0.0051   -0.0019    1        -0.13     -0.99     -0.0012  
   0.033    -1        -0.059     0.99      0.039    -0.1       0.11     -0.055     0.99    
   0.033    -1        -0.059     0.99      0.039    -0.1       0.11     -0.055     0.99    

SITE_XPOS
   0.48     -0.12      0.44    
   0.48     -0.12      0.24    
   0.49     -0.2       0.3     
   0.47     -0.046     0.3     

SITE_XMAT
   7e-07     1         9.1e-05   1        -6.9e-07  -9.3e-05  -9.3e-05   9.1e-05  -1       
   1         7e-07    -9.1e-05  -6.9e-07   1         9.3e-05   9.1e-05  -9.3e-05   1       
  -7e-07    -1         9.1e-05  -1         6.9e-07  -5.2e-05   5.2e-05  -9.1e-05  -1       
   7.2e-07   1         9.1e-05   1        -6.9e-07  -0.00025  -0.00025   9.1e-05  -1       

LIGHT_XPOS
  -2        -1         3       
   2        -1         3       
   1.5       0.3      -0.063   
   0.47      0.25      2       

LIGHT_XDIR
   0.67      0.33     -0.67    
  -0.67      0.33     -0.67    
  -0.98      0         0.21    
   0         0        -1       

SUBTREE_COM
   0.12     -0.072     0.3     
   0.52      0.017     0.057   
   0.11     -0.079     0.34    
   0.11     -0.079     0.34    
   0.12     -0.084     0.36    
   0.15     -0.1       0.41    
   0.3      -0.064     0.5     
   0.45     -0.12      0.46    
   0.48     -0.12      0.43    
   0.48     -0.12      0.38    
   0.48     -0.12      0.37    
   0.48     -0.12      0.37    
   0.48     -0.12      0.38    
   0.48     -0.16      0.31    
   0.48     -0.18      0.3     
   0.48     -0.18      0.28    
   0.48     -0.087     0.31    
   0.48     -0.064     0.3     
   0.48     -0.063     0.28    
  -0.013     0.3       0.25    
  -0.013     0.3       0.25    
   0.47      0.25     -2       
   0.47      0.25     -2       

CDOF
   0         0         1         0.079     0.11     -0       
   0.00013  -1         0        -0.22     -2.9e-05   0.11    
  -0.00013   1        -1e-25    -0.19     -2.5e-05  -0.11    
   0.00013  -1         0         0.19      2.5e-05  -0.26    
   1         0.00013   9.1e-05  -2.8e-05   0.19      0.042   
   9.1e-05  -9.3e-05  -1         0.042     0.36     -3e-05   
   1        -6.9e-07   9.1e-05  -5.3e-06  -0.013     0.058   
   1        -6.9e-07   9.1e-05  -7.2e-06  -0.0055    0.079   
  -1         6.9e-07  -9.1e-05   1.1e-05   0.044    -0.12    
  -1         6.9e-07  -9.1e-05   2.4e-06   0.013    -0.026   
  -1         6.9e-07  -9.1e-05   5e-07     0.0055   -0.0054  
   1        -6.9e-07   9.1e-05   3e-06    -0.044    -0.034   
   0         0         0         1         0         0       
   0         0         0         0         1         0       
   0         0         0         0         0         1       
   0         1         0        -2         0         0       
  -1         0         0        -0        -2        -0       
   0         0         1        -0         0         0       

CINERT
   0         0         0         0         0         0         0         0         0         0       
   6.3e-06   6.3e-06   6.3e-06   1e-06     1e-06     1e-06     0         0         0         0.0038  
   0         0         0         0         0         0        -0         0        -0         0       
   0.17      0.18      0.034     0.013    -0.054     0.038    -0.17      0.12     -0.47      1.4     
   0.24      0.27      0.082     0.034    -0.11      0.068    -0.46      0.3      -0.92      4       
   0.4       0.5       0.19     -0.064    -0.02     -0.0095   -1.2      -0.56     -0.17      10      
   0.22      0.34      0.16     -0.023    -0.076    -0.059     0.41      0.32      1.1       5.7     
   0.044     0.13      0.091     0.012    -0.061     0.0085    0.32     -0.045     0.22      1.2     
   0.041     0.19      0.16      0.018    -0.076     0.0089    0.43     -0.05      0.21      1.2     
   0.0027    0.028     0.026     0.003    -0.0076    0.00087   0.07     -0.0081    0.021     0.19    
   0         0         0         0         0         0         0        -0         0         0       
   0         0         0         0         0         0         0        -0         0         0       
   0.0063    0.18      0.17      0.019    -0.018     0.002     0.47     -0.053     0.049     1.3     
   0.00047   0.0086    0.0089    0.0018    0.00077  -0.00017   0.023    -0.0049   -0.0021    0.064   
   0.00034   0.0043    0.0046    0.0012    0.00029  -8.3e-05   0.012    -0.0032   -0.0008    0.032   
   0.00055   0.0053    0.0055    0.0014    0.00086  -0.00024   0.014    -0.0039   -0.0024    0.039   
   9.1e-05   0.0086    0.0085    0.00017   0.00077  -7.2e-06   0.023    -0.00047  -0.0021    0.064   
   3.5e-05   0.0043    0.0043   -0.00017   0.00029   1.6e-05   0.012     0.00046  -0.0008    0.032   
   0.00016   0.0053    0.0052   -0.00023   0.00086   3.6e-05   0.014     0.00064  -0.0024    0.039   
   0         0         0         0         0         0         0        -0         0         0       
   3.8e-05   4.6e-06   3.7e-05   1.8e-07  -1.2e-07   3.9e-08   0         0         0         0.072   
   0         0         0         0         0         0        -0         0         0         0       
   0.01      0.01      0.01      0         0         0         0         0         0         0.5     

TEN_LENGTH
  -0.00073 

TEN_MOMENT
   0         0         0         0         0         0         0         0.5       0         0         0.5       0         0         0         0         0         0         0       

TENDON 0: 0 wrap points

ACTUATOR_LENGTH
  -0.00073 

actuator_moment
--------------------
        x  x        |
--------------------

ACTUATOR_MOMENT
     7:  0.5       10:  0.5     

CRB
   0         0         0         0         0         0         0         0         0         0       
   6.3e-06   6.3e-06   6.3e-06   1e-06     1e-06     1e-06     0         0         0         0.0038  
   1.1       1.9       0.95      0.017    -0.41      0.058     0        -6.1e-16   7.2e-16   26      
   1.1       1.9       0.95      0.017    -0.41      0.058     0        -6.1e-16   7.2e-16   26      
   0.96      1.7       0.92      0.0032   -0.36      0.02      0.17     -0.12      0.47      24      
   0.72      1.4       0.83     -0.031    -0.25     -0.049     0.62     -0.41      1.4       20      
   0.32      0.9       0.64      0.033    -0.23     -0.039     1.8       0.15      1.6       9.9     
   0.096     0.56      0.49      0.057    -0.16      0.02      1.4      -0.17      0.49      4.2     
   0.051     0.43      0.4       0.045    -0.097     0.011     1.1      -0.12      0.27      3       
   0.011     0.24      0.24      0.026    -0.021     0.0024    0.64     -0.073     0.059     1.8     
   0.0079    0.21      0.21      0.024    -0.014     0.0015    0.57     -0.065     0.038     1.6     
   0.0079    0.21      0.21      0.024    -0.014     0.0015    0.57     -0.065     0.038     1.6     
   0.0063    0.18      0.17      0.019    -0.018     0.002     0.47     -0.053     0.049     1.3     
   0.00047   0.0086    0.0089    0.0018    0.00077  -0.00017   0.023    -0.0049   -0.0021    0.064   
   0.00089   0.0096    0.01      0.0026    0.0012   -0.00032   0.026    -0.0071   -0.0032    0.071   
   0.00055   0.0053    0.0055    0.0014    0.00086  -0.00024   0.014    -0.0039   -0.0024    0.039   
   9.1e-05   0.0086    0.0085    0.00017   0.00077  -7.2e-06   0.023    -0.00047  -0.0021    0.064   
   0.0002    0.0096    0.0094   -0.0004    0.0012    5.1e-05   0.026     0.0011   -0.0032    0.071   
   0.00016   0.0053    0.0052   -0.00023   0.00086   3.6e-05   0.014     0.00064  -0.0024    0.039   
   3.8e-05   4.6e-06   3.7e-05   1.8e-07  -1.2e-07   3.9e-08   0         0         0         0.072   
   3.8e-05   4.6e-06   3.7e-05   1.8e-07  -1.2e-07   3.9e-08   0         0         0         0.072   
   0.01      0.01      0.01      0         0         0         0         0         0         0.5     
   0.01      0.01      0.01      0         0         0         0         0         0         0.5     

QM
   1.4     
  -0.51      3.4     
  -0.034    -1.1       1.2     
   0.034     0.081    -0.2       0.079   
   0.14      0.00065  -0.00065   0.00015   0.049   
  -0.0018   -0.00037  -0.00018   0.00018  -0.0001    0.0016  
   0.00062  -0.00058   0.00058  -0.00012   0.00034   2.4e-10   6.6e-05 
   0.0013   -0.00071   0.00071  -0.00015   0.00077   2.1e-10             0.00018 
  -0.00031  -0.00032   0.00032  -6.9e-05  -0.00013  -3.5e-11            -3.1e-05   3.2e-05 
  -0.00062  -0.00058   0.00058  -0.00012  -0.00034   2.4e-10                                 6.6e-05 
  -0.0013   -0.00071   0.00071  -0.00015  -0.00077   2.1e-10                                           0.00018 
   0.00031  -0.00032   0.00032  -6.9e-05   0.00013  -3.5e-11                                          -3.1e-05   3.2e-05 
                                                                                                                           0.5     
                                                                                                                           0         0.5     
                                                                                                                           0         0         0.5     
                                                                                                                          -1         0         0         2       
                                                                                                                           0        -1         0         0         2       
                                                                                                                           0         0         0         0         0         0.01    

QLD
     0:  0.93    
     0: -0.22       1:  2.2     
     0:  0.07       1: -1.2        2:  0.72    
     0:  0.43       1:  0.96       2: -2.4        3:  0.078   
     0:  3.1        1:  0.016      2: -0.017      3:  0.0042     4:  0.038   
     0: -1.1        1: -0.23       2: -0.11       3:  0.11       4: -0.064      5:  0.0016  
     0:  9.3        1: -8.8        2:  8.8        3: -1.9        4:  5.2        5:  3.6e-06    6:  6.6e-05 
     0:  6.8        1: -6.8        2:  6.8        3: -1.4        4:  4.3        5:  1.2e-06    7:  0.00015 
     0: -9.6        1: -10         2:  10         3: -2.1        4: -4.1        5: -1.1e-06    7: -0.96       8:  3.2e-05 
     0: -9.3        1: -8.8        2:  8.8        3: -1.9        4: -5.2        5:  3.6e-06    9:  6.6e-05 
     0: -6.8        1: -6.8        2:  6.8        3: -1.4        4: -4.3        5:  1.2e-06   10:  0.00015 
     0:  9.6        1: -10         2:  10         3: -2.1        4:  4.1        5: -1.1e-06   10: -0.96      11:  3.2e-05 
    12:  0.0025  
    12:  0         13:  0.0025  
    12:  0         13:  0         14:  0.5     
    12: -0.5       13:  0         14:  0         15:  2       
    12:  0         13: -0.5       14:  0         15:  0         16:  2       
    12:  0         13:  0         14:  0         15:  0         16:  0         17:  0.01    

QLDIAGINV
   1.1     
   0.45    
   1.4     
   13      
   26      
   6.2e+02 
   1.5e+04 
   6.6e+03 
   3.1e+04 
   1.5e+04 
   6.6e+03 
   3.1e+04 
   4e+02   
   4e+02   
   2       
   0.5     
   0.5     
   1e+02   

B: body-dof matrix
--------------------
 xxxxxxxxxxxxxxxxxx |
                    |
 xxxxxxxxxxxx       |
 xxxxxxxxxxxx       |
 xxxxxxxxxxxx       |
 xxxxxxxxxxxx       |
 xxxxxxxxxxxx       |
 xxxxxxxxxxxx       |
 xxxxxxxxxxxx       |
 xxxxxxxxxxxx       |
 xxxxxxxxxxxx       |
 xxxxxxxxxxxx       |
 xxxxxx             |
 xxxxxxx            |
 xxxxxx xx          |
 xxxxxx xx          |
 xxxxxx   x         |
 xxxxxx    xx       |
 xxxxxx    xx       |
                    |
                    |
             xxxxxx |
             xxxxxx |
--------------------

B_rownnz              18 0 12 12 12 12 12 12 12 12 12 12 6 7 8 8 7 8 8 0 0 6 6

B_rowadr              0 18 18 30 42 54 66 78 90 102 114 126 138 144 151 159 167 174 182 190 190 190 196

B_colind              0 1 2 3 4 5 6 7 8 9 10 11 12 13 14 15 16 17 0 1 2 3 4 5 6 7 8 9 10 11 0 1 2 3 4 5 6 7 8 9 10 11 0 1 2 3 4 5 6 7 8 9 10 11 0 1 2 3 4 5 6 7 8 9 10 11 0 1 2 3 4 5 6 7 8 9 10 11 0 1 2 3 4 5 6 7 8 9 10 11 0 1 2 3 4 5 6 7 8 9 10 11 0 1 2 3 4 5 6 7 8 9 10 11 0 1 2 3 4 5 6 7 8 9 10 11 0 1 2 3 4 5 6 7 8 9 10 11 0 1 2 3 4 5 0 1 2 3 4 5 6 0 1 2 3 4 5 7 8 0 1 2 3 4 5 7 8 0 1 2 3 4 5 9 0 1 2 3 4 5 10 11 0 1 2 3 4 5 10 11 12 13 14 15 16 17 12 13 14 15 16 17

C: reduced dof-dof matrix
--------------------
 x                  |
 xx                 |
 xxx                |
 xxxx               |
 xxxxx              |
 xxxxxx             |
 xxxxxxx            |
 xxxxxx x           |
 xxxxxx xx          |
 xxxxxx   x         |
 xxxxxx    x        |
 xxxxxx    xx       |
             x      |
             xx     |
             xxx    |
             xxxx   |
             xxxxx  |
             xxxxxx |
--------------------

C_rownnz              1 2 3 4 5 6 7 7 8 7 7 8 1 2 3 4 5 6

C_rowadr              0 1 3 6 10 15 21 28 35 43 50 57 65 66 68 71 75 80

C_colind              0 0 1 0 1 2 0 1 2 3 0 1 2 3 4 0 1 2 3 4 5 0 1 2 3 4 5 6 0 1 2 3 4 5 7 0 1 2 3 4 5 7 8 0 1 2 3 4 5 9 0 1 2 3 4 5 10 0 1 2 3 4 5 10 11 12 12 13 12 13 14 12 13 14 15 12 13 14 15 16 12 13 14 15 16 17

mapM2C                0 2 1 5 4 3 9 8 7 6 14 13 12 11 10 20 19 18 17 16 15 27 26 25 24 23 22 21 34 33 32 31 30 29 28 42 41 40 39 38 37 36 35 49 48 47 46 45 44 43 56 55 54 53 52 51 50 64 63 62 61 60 59 58 57 65 67 66 70 69 68 74 73 72 71 79 78 77 76 75 85 84 83 82 81 80

D: dof-dof matrix
--------------------
 Dxxxxxxxxxxx       |
 xDxxxxxxxxxx       |
 xxDxxxxxxxxx       |
 xxxDxxxxxxxx       |
 xxxxDxxxxxxx       |
 xxxxxDxxxxxx       |
 xxxxxxD            |
 xxxxxx Dx          |
 xxxxxx xD          |
 xxxxxx   D         |
 xxxxxx    Dx       |
 xxxxxx    xD       |
             Dxxxxx |
             xDxxxx |
             xxDxxx |
             xxxDxx |
             xxxxDx |
             xxxxxD |
--------------------

D_rownnz              12 12 12 12 12 12 7 8 8 7 8 8 6 6 6 6 6 6

D_rowadr              0 12 24 36 48 60 72 79 87 95 102 110 118 124 130 136 142 148

D_colind              0 1 2 3 4 5 6 7 8 9 10 11 0 1 2 3 4 5 6 7 8 9 10 11 0 1 2 3 4 5 6 7 8 9 10 11 0 1 2 3 4 5 6 7 8 9 10 11 0 1 2 3 4 5 6 7 8 9 10 11 0 1 2 3 4 5 6 7 8 9 10 11 0 1 2 3 4 5 6 0 1 2 3 4 5 7 8 0 1 2 3 4 5 7 8 0 1 2 3 4 5 9 0 1 2 3 4 5 10 11 0 1 2 3 4 5 10 11 12 13 14 15 16 17 12 13 14 15 16 17 12 13 14 15 16 17 12 13 14 15 16 17 12 13 14 15 16 17 12 13 14 15 16 17

mapM2D                0 2 5 9 14 20 27 34 42 49 56 64 2 1 4 8 13 19 26 33 41 48 55 63 5 4 3 7 12 18 25 32 40 47 54 62 9 8 7 6 11 17 24 31 39 46 53 61 14 13 12 11 10 16 23 30 38 45 52 60 20 19 18 17 16 15 22 29 37 44 51 59 27 26 25 24 23 22 21 34 33 32 31 30 29 28 36 42 41 40 39 38 37 36 35 49 48 47 46 45 44 43 56 55 54 53 52 51 50 58 64 63 62 61 60 59 58 57 65 67 70 74 79 85 67 66 69 73 78 84 70 69 68 72 77 83 74 73 72 71 76 82 79 78 77 76 75 81 85 84 83 82 81 80

mapD2M                0 13 12 26 25 24 39 38 37 36 52 51 50 49 48 65 64 63 62 61 60 78 77 76 75 74 73 72 85 84 83 82 81 80 79 94 93 92 91 90 89 88 87 101 100 99 98 97 96 95 108 107 106 105 104 103 102 117 116 115 114 113 112 111 110 118 125 124 132 131 130 139 138 137 136 146 145 144 143 142 153 152 151 150 149 148

QDERIV
     0:  0          1:  0          2:  0          3:  0          4:  0          5:  0          6:  0          7:  0          8:  0          9:  0         10:  0         11:  0       
     0:  0          1:  0          2:  0          3:  0          4:  0          5:  0          6:  0          7:  0          8:  0          9:  0         10:  0         11:  0       
     0:  0          1:  0          2:  0          3:  0          4:  0          5:  0          6:  0          7:  0          8:  0          9:  0         10:  0         11:  0       
     0:  0          1:  0          2:  0          3:  0          4:  0          5:  0          6:  0          7:  0          8:  0          9:  0         10:  0         11:  0       
     0:  0          1:  0          2:  0          3:  0          4:  0          5:  0          6:  0          7:  0          8:  0          9:  0         10:  0         11:  0       
     0:  0          1:  0          2:  0          3:  0          4:  0          5:  0          6:  0          7:  0          8:  0          9:  0         10:  0         11:  0       
     0:  0          1:  0          2:  0          3:  0          4:  0          5:  0          6:  0       
     0:  0          1:  0          2:  0          3:  0          4:  0          5:  0          7: -0.025      8:  0       
     0:  0          1:  0          2:  0          3:  0          4:  0          5:  0          7:  0          8:  0       
     0:  0          1:  0          2:  0          3:  0          4:  0          5:  0          9:  0       
     0:  0          1:  0          2:  0          3:  0          4:  0          5:  0         10: -0.025     11:  0       
     0:  0          1:  0          2:  0          3:  0          4:  0          5:  0         10:  0         11:  0       
    12:  0         13:  0         14:  0         15:  0         16:  0         17:  0       
    12:  0         13:  0         14:  0         15:  0         16:  0         17:  0       
    12:  0         13:  0         14:  0         15:  0         16:  0         17:  0       
    12:  0         13:  0         14:  0         15:  0         16:  0         17:  0       
    12:  0         13:  0         14:  0         15:  0         16:  0         17:  0       
    12:  0         13:  0         14:  0         15:  0         16:  0         17:  0       

QLU
     0:  0          1:  0          2:  0          3:  0          4:  0          5:  0          6:  0          7:  0          8:  0          9:  0         10:  0         11:  0       
     0:  0          1:  0          2:  0          3:  0          4:  0          5:  0          6:  0          7:  0          8:  0          9:  0         10:  0         11:  0       
     0:  0          1:  0          2:  0          3:  0          4:  0          5:  0          6:  0          7:  0          8:  0          9:  0         10:  0         11:  0       
     0:  0          1:  0          2:  0          3:  0          4:  0          5:  0          6:  0          7:  0          8:  0          9:  0         10:  0         11:  0       
     0:  0          1:  0          2:  0          3:  0          4:  0          5:  0          6:  0          7:  0          8:  0          9:  0         10:  0         11:  0       
     0:  0          1:  0          2:  0          3:  0          4:  0          5:  0          6:  0          7:  0          8:  0          9:  0         10:  0         11:  0       
     0:  0          1:  0          2:  0          3:  0          4:  0          5:  0          6:  0       
     0:  0          1:  0          2:  0          3:  0          4:  0          5:  0          7:  0          8:  0       
     0:  0          1:  0          2:  0          3:  0          4:  0          5:  0          7:  0          8:  0       
     0:  0          1:  0          2:  0          3:  0          4:  0          5:  0          9:  0       
     0:  0          1:  0          2:  0          3:  0          4:  0          5:  0         10:  0         11:  0       
     0:  0          1:  0          2:  0          3:  0          4:  0          5:  0         10:  0         11:  0       
    12:  0         13:  0         14:  0         15:  0         16:  0         17:  0       
    12:  0         13:  0         14:  0         15:  0         16:  0         17:  0       
    12:  0         13:  0         14:  0         15:  0         16:  0         17:  0       
    12:  0         13:  0         14:  0         15:  0         16:  0         17:  0       
    12:  0         13:  0         14:  0         15:  0         16:  0         17:  0       
    12:  0         13:  0         14:  0         15:  0         16:  0         17:  0       

CONTACT
  0:
     dim           3
     geoms         //unnamed_geom_0 : vase//unnamed_geom_1
     exclude       0
     efc_address   13
     solref         0.02      1       
     solimp         0.93      0.97      0.001     0.5       2       
     dist          -3.9e-05 
     includemargin  0       
     pos            0.41      0.28     -2e-05   
     frame          0         0         1         0         1         0        -1         0         0       
     friction       1         1         0.005     0.0001    0.0001  
     mu             0.32    

EFC_TYPE
  0
  0
  0
  0
  0
  0
  0
  3
  3
  3
  3
  3
  3
  6
  6
  6
  6

EFC_ID
  0
  0
  0
  1
  1
  1
  2
  6
  7
  8
  9
  10
  11
  0
  0
  0
  0

EFC_J
  -1.2e-05   1.1e-05  -1.1e-05   1.1e-05  -2.4e-09   1.2e-05  -3.6e-06   1.7e-06   1.9e-06   0         0         0         0         0         0         0         0         0       
   9.7e-10   1.4e-09  -1.4e-09   1.4e-09   1.1e-05  -8e-12    -0.039     0.046    -0.0075    0         0         0         0         0         0         0         0         0       
   0         2.5e-09  -2.5e-09   2.5e-09   1.2e-05   1.1e-09   0.039    -0.018    -0.021     0         0         0         0         0         0         0         0         0       
   1e-05     5.8e-06  -5.8e-06   5.8e-06   1.6e-10  -1e-05     0         0         0        -3.5e-06   1.6e-06   1.9e-06   0         0         0         0         0         0       
   5.2e-10   7.6e-10  -7.6e-10   7.6e-10   5.8e-06   7e-12     0         0         0         0.039    -0.046     0.0075    0         0         0         0         0         0       
   0        -8.1e-10   8.1e-10  -8.1e-10  -1e-05    -9.2e-10   0         0         0         0.039    -0.018    -0.021     0         0         0         0         0         0       
   0         0         0         0         0         0         0         1         0         0        -1         0         0         0         0         0         0         0       
   0         0         0         0         0         0         1         0         0         0         0         0         0         0         0         0         0         0       
   0         0         0         0         0         0         0         1         0         0         0         0         0         0         0         0         0         0       
   0         0         0         0         0         0         0         0         1         0         0         0         0         0         0         0         0         0       
   0         0         0         0         0         0         0         0         0         1         0         0         0         0         0         0         0         0       
   0         0         0         0         0         0         0         0         0         0         1         0         0         0         0         0         0         0       
   0         0         0         0         0         0         0         0         0         0         0         1         0         0         0         0         0         0       
   0         0         0         0         0         0         0         0         0         0         0         0         0         1         1         0.055    -0.034    -0.055   
   0         0         0         0         0         0         0         0         0         0         0         0         0        -1         1         0.055    -0.034     0.055   
   0         0         0         0         0         0         0         0         0         0         0         0        -1         0         1         0.055    -0.034     0.034   
   0         0         0         0         0         0         0         0         0         0         0         0         1         0         1         0.055    -0.034    -0.034   

EFC_POS
   9.7e-10 
   1.2e-05 
  -1.1e-05 
   5.2e-10 
  -1e-05   
  -5.8e-06 
  -0.00011 
  -0.0011  
  -0.00079 
  -0.00083 
  -0.00091 
  -0.00068 
  -0.00084 
  -3.9e-05 
  -3.9e-05 
  -3.9e-05 
  -3.9e-05 

EFC_MARGIN
   0       
   0       
   0       
   0       
   0       
   0       
   0       
   0       
   0       
   0       
   0       
   0       
   0       
   0       
   0       
   0       
   0       

EFC_FRICTIONLOSS
   0       
   0       
   0       
   0       
   0       
   0       
   0       
   0       
   0       
   0       
   0       
   0       
   0       
   0       
   0       
   0       
   0       

EFC_DIAGAPPROX
   18      
   18      
   18      
   18      
   18      
   18      
   1.4e+04 
   1.6e+04 
   7.2e+03 
   3.7e+04 
   1.6e+04 
   7.2e+03 
   3.7e+04 
   0.8     
   0.8     
   0.8     
   0.8     

EFC_KBIP
   4.1e+04   4e+02     0.95      2.5     
   4.1e+04   4e+02     0.95      2.5     
   4.1e+04   4e+02     0.95      2.5     
   4.1e+04   4e+02     0.95      1.9     
   4.1e+04   4e+02     0.95      1.9     
   4.1e+04   4e+02     0.95      1.9     
   4.1e+04   4e+02     0.95     -18      
   2.8e+03   1.1e+02   0.95      0       
   2.8e+03   1.1e+02   0.95     -42      
   2.8e+03   1.1e+02   0.95     -34      
   2.8e+03   1.1e+02   0.95     -18      
   2.8e+03   1.1e+02   0.94     -64      
   2.8e+03   1.1e+02   0.95     -33      
   2.7e+03   1e+02     0.93     -7.1     
   2.7e+03   1e+02     0.93     -7.1     
   2.7e+03   1e+02     0.93     -7.1     
   2.7e+03   1e+02     0.93     -7.1     

EFC_D
   1.1     
   1.1     
   1.1     
   1.1     
   1.1     
   1.1     
   0.0013  
   0.0012  
   0.0024  
   0.00048 
   0.0012  
   0.0022  
   0.00048 
   15      
   15      
   15      
   15      

EFC_R
   0.92    
   0.92    
   0.92    
   0.92    
   0.92    
   0.92    
   7.4e+02 
   8.4e+02 
   4.2e+02 
   2.1e+03 
   8.6e+02 
   4.6e+02 
   2.1e+03 
   0.065   
   0.065   
   0.065   
   0.065   

TEN_VELOCITY
  -0.37    

ACTUATOR_VELOCITY
  -0.37    

CVEL
   0         0         0         0         0         0       
   0         0         0         0         0         0       
   0         0         0         0         0         0       
   0         0         0         0         0         0       
   0         0         0.066     0.0052    0.0075    0       
   7.6e-07  -0.0058    0.066     0.0039    0.0075    0.00067 
  -1.8e-05   0.14      0.066    -0.023     0.0075   -0.016   
  -3.5e-07   0.0026    0.066     0.0023    0.0075   -0.05    
   0.0017    0.0026    0.066     0.0023    0.0079   -0.05    
   0.0017    0.0026   -0.00035   0.0051    0.032    -0.05    
   0.0017    0.0026   -0.00035   0.0051    0.032    -0.05    
   0.0017    0.0026   -0.00035   0.0051    0.032    -0.05    
   0.0017    0.0026   -0.00035   0.0051    0.032    -0.05    
  -0.54      0.0026   -0.0004    0.0051    0.039    -0.082   
  -0.39      0.0026   -0.00038   0.0051    0.034    -0.081   
   0.022     0.0026   -0.00034   0.0051    0.016    -0.032   
   0.46      0.0026   -0.00031   0.0051    0.026    -0.038   
   0.34      0.0026   -0.00032   0.0051    0.03     -0.048   
  -0.077     0.0026   -0.00035   0.0051    0.048    -0.034   
   0         0         0         0         0         0       
   0         0         0         0         0         0       
   0         0         0         0         0        -0.02    
   0         0         0         0         0        -0.02    

CDOF_DOT
   0         0         0         0         0         0       
   0.066     8.6e-06  -0         1.9e-06  -0.015    -0.0052  
  -0.066    -8.6e-06  -2.1e-22   1.6e-06  -0.012     0.0028  
   0.066     8.6e-06  -3.4e-21  -0.051     0.012    -0.0028  
  -8.4e-06   0.066    -0.0026   -0.012    -0.05     -0.0075  
  -0.0026    0.0017   -4e-07    -0.032     0.0051    0.00051 
   2.4e-07  -0.00035  -0.0026    0.00015  -0.05     -0.032   
   2.4e-07  -0.00035  -0.0026    0.00021  -0.05     -0.032   
  -2.4e-07   0.00035   0.0026   -0.0003    0.035     0.017   
  -2.4e-07   0.00035   0.0026   -6.7e-05   0.05      0.032   
  -2.4e-07   0.00035   0.0026   -1.5e-05   0.05      0.032   
   2.4e-07  -0.00035  -0.0026   -0.0001   -0.037    -0.045   
   0         0         0         0         0         0       
   0         0         0         0         0         0       
   0         0         0         0         0         0       
   0         0         0         0.02     -0         0       
   0        -0         0         0         0.02      0       
   0         0         0         0        -0         0       

QFRC_BIAS
  -0.0048  
   29      
  -29      
   3.1     
   0.013   
  -1e-05   
  -0.012   
  -0.015   
  -0.0066  
  -0.012   
  -0.015   
  -0.0066  
   0       
   0       
   4.9     
   0       
   0       
   0       

QFRC_SPRING
   0       
   0       
   0       
   0       
   0       
   0       
   0       
   0       
   0       
   0       
   0       
   0       
   0       
   0       
   0       
   0       
   0       
   0       

QFRC_DAMPER
   0       
   0       
   0       
   0       
   0       
   0       
   0       
   0       
   0       
   0       
   0       
   0       
   0       
   0       
   0       
   0       
   0       
   0       

QFRC_GRAVCOMP
   0       
   0       
   0       
   0       
   0       
   0       
   0       
   0       
   0       
   0       
   0       
   0       
   0       
   0       
   0       
   0       
   0       
   0       

QFRC_FLUID
   0       
   0       
   0       
   0       
   0       
   0       
   0       
   0       
   0       
   0       
   0       
   0       
   0       
   0       
   0       
   0       
   0       
   0       

QFRC_PASSIVE
   0       
   0       
   0       
   0       
   0       
   0       
   0       
   0       
   0       
   0       
   0       
   0       
   0       
   0       
   0       
   0       
   0       
   0       

EFC_VEL
   4.6e-07 
   0.0058  
  -0.0053  
   2.4e-07 
  -0.005   
  -0.0029  
  -0.055   
  -0.54    
  -0.39    
  -0.41    
  -0.45    
  -0.34    
  -0.42    
  -0.02    
  -0.02    
  -0.02    
  -0.02    

EFC_AREF
  -0.00022 
  -2.8     
   2.6     
  -0.00012 
   2.4     
   1.4     
   27      
   60      
   44      
   46      
   50      
   37      
   46      
   2.1     
   2.1     
   2.1     
   2.1     

SUBTREE_LINVEL
   0         0         0       
   0         0         0       
   0         0         0       
   0         0         0       
   0         0         0       
   0         0         0       
   0         0         0       
   0         0         0       
   0         0         0       
   0         0         0       
   0         0         0       
   0         0         0       
   0         0         0       
   0         0         0       
   0         0         0       
   0         0         0       
   0         0         0       
   0         0         0       
   0         0         0       
   0         0         0       
   0         0         0       
   0         0         0       
   0         0         0       

SUBTREE_ANGMOM
   0         0         0       
   0         0         0       
   0         0         0       
   0         0         0       
   0         0         0       
   0         0         0       
   0         0         0       
   0         0         0       
   0         0         0       
   0         0         0       
   0         0         0       
   0         0         0       
   0         0         0       
   0         0         0       
   0         0         0       
   0         0         0       
   0         0         0       
   0         0         0       
   0         0         0       
   0         0         0       
   0         0         0       
   0         0         0       
   0         0         0       

ACTUATOR_FORCE
   0       

QFRC_ACTUATOR
   0       
   0       
   0       
   0       
   0       
   0       
   0       
   0       
   0       
   0       
   0       
   0       
   0       
   0       
   0       
   0       
   0       
   0       

QFRC_SMOOTH
   46      
  -78      
   68      
  -7.1     
   4.4     
  -0.008   
   0.012   
   0.015   
   0.0066  
   0.012   
   0.015   
   0.0066  
   0       
   0       
  -4.9     
   0       
   0       
   0       

QACC_SMOOTH
   32      
   2.7     
   71      
   66      
   18      
   33      
  -6.8e+02 
  -5.2e+02 
  -4.5e+02 
   99      
   68      
  -6.5e+02 
   0       
   0       
  -9.8     
   0       
   0       
   0       

EFC_B
   0       
   0       
   0       
   0       
   0       
   0       
   0       
   0       
   0       
   0       
   0       
   0       
   1       
   0       
   1       
   0.052   
  -0.031   

EFC_FORCE
  -0.03    
   0       
   0       
   0       
   0       
   0       
   0       
   0       
  -0.061   
   0.01    
   0       
  -0.087   
   0.03    
   0       
   0       
   0       
   0       

EFC_STATE
  0
  0
  0
  0
  0
  0
  0
  0
  0
  0
  0
  0
  0
  0
  0
  0
  0

QFRC_CONSTRAINT
   1.5e-21 
   8.4e-22 
  -8.4e-22 
   8.4e-22 
   3.8e-17 
  -9.6e-22 
   0.022   
   0.029   
  -0.00021 
  -0.016   
  -0.053   
   0.019   
   0       
   0       
   0       
   0       
   0       
   0       

QFRC_INVERSE
   0       
   0       
   0       
   0       
   0       
   0       
   0       
   0       
   0       
   0       
   0       
   0       
   0       
   0       
   0       
   0       
   0       
   0       

CACC
   0         0         0        -0        -0         9.8     
   0         0         0         0         0         9.8     
   0         0         0         0         0         9.8     
   0         0         0         0         0         9.8     
   0         0         33        2.6       3.8       9.8     
   0        -2.9       33        2         3.8       10      
   0         68        33       -11        3.8       2       
   0         1.6       33        1.1       3.8      -15      
   1         1.6       33        1.1       4        -15      
   1         1.6      -0.21      2.5       16       -15      
   1         1.6      -0.21      2.5       16       -15      
   1         1.6      -0.21      2.5       16       -15      
   1         1.6      -0.21      2.5       16       -15      
  -2.7e+02   1.6      -0.23      2.5       20       -31      
  -2.6e+02   1.6      -0.23      2.5       17       -36      
   9.3       1.6      -0.21      2.5       5.4      -4       
   2.3e+02   1.6      -0.18      2.5       13       -9.4     
   2.3e+02   1.6      -0.18      2.5       15       -14      
  -38        1.6      -0.21      2.5       26       -5.2     
   0         0         0         0         0         9.8     
   0         0         0         0         0         9.8     
   0         0         0         0         0         0       
   0         0         0         0         0         0       

CFRC_INT
  -13        47        31        49        97        74      
   0         0         0         0         0         0.037   
  -13        47        31        49        97        73      
  -13        47        31        49        97        73      
  -15        45        31        49        97        59      
  -17        41        31        48        97        20      
  -12        31        28        8.9       97       -81      
  -4.5       23        21        11        62       -64      
  -2.3       17        17        7.9       46       -45      
   0.14      9.7       10        4.5       28       -26      
   0.34      8.6       9.2       4         25       -23      
   0.34      8.6       9.2       4         25       -23      
   0.076     7.6       7.6       3.3       21       -21      
   0.035     0.19      0.11      0.16      0.27     -0.54    
   0.11      0.26      0.38      0.17      0.98     -0.72    
   0.072     0.13      0.24      0.094     0.63     -0.37    
   0.062     0.55      0.62      0.16      1.7      -1.5     
   0.056    -0.069     0.44      0.17      1.2       0.19    
   0.043    -0.2       0.2       0.095     0.55      0.55    
   0         0         0         0         0         0.71    
   0         0         0         0         0         0.71    
   0         0         0         0         0         0       
   0         0         0         0         0         0       

CFRC_EXT
   0         0         0         0         0         0       
   0         0         0         0         0         0       
   0         0         0         0         0         0       
   0         0         0         0         0         0       
   0         0         0         0         0         0       
   0         0         0         0         0         0       
   0         0         0         0         0         0       
   0         0         0         0         0         0       
   0         0         0         0         0         0       
   0         0         0         0         0         0       
   0         0         0         0         0         0       
   0         0         0         0         0         0       
   0         0         0         0         0         0       
   0.036     0.059     0.15      1.5e-05   0.41     -0.16    
   0         0         0         0         0         0       
  -0.036    -0.059    -0.15     -1.5e-05  -0.41      0.16    
  -0.0095   -0.28     -0.14     -7.7e-05  -0.39      0.8     
   0         0         0         0         0         0       
   0.0095    0.28      0.14      7.7e-05   0.39     -0.8     
   0         0         0         0         0         0       
   0         0         0         0         0         0       
   0         0         0         0         0         0       
   0         0         0         0         0         0       

TENDON_EFCADR         -1

